(5,1) --> (6,2) --> (7,3) --> (8,4) --> (9,4) --> (10,5) --> (11,6) --> (12,7) --> (12,8) --> (12,9) --> (13,10) --> (13,11) --> (13,12) --> (14,13) --> (13,14) --> (13,15) --> (13,16) --> (13,17)
Coste del camino: 103

17x17
█████████████████
█   █           █
█   █           █
█   █           █
3   █   █   █████
█·  █   █   █   █
█ · █   █   █   █
█  ·█   █   █   █
█  ·█████   █   █
█   ·       █   █
█    ·      █   █
█     ···   █   █
█   █████···█···4
█   █       ·   █
█   █           █
█   █           █
█████████████████


Nodos visitados: (5,1), (5,2), (6,2), (4,2), (5,3), (6,3), (5,2), (6,3), (7,2), (7,3), (5,3), (6,4), (7,4), (7,2), (6,3), (8,2), (8,3), (7,2), (7,4), (8,3), (8,4), (4,3), (5,4), (4,2), (6,4), (5,3), (6,4), (8,3), (7,4), (9,3), (8,2), (9,4), (8,3), (5,4), (6,4), (9,2), (9,3), (8,2), (9,3), (9,4), (4,4), (4,3), (5,4), (10,3), (9,2), (10,4), (9,3), (10,4), (10,5), (4,3), (4,2), (10,2), (10,3), (9,2), (11,4), (10,3), (11,5), (10,4), (10,6), (11,5), (11,6), (11,3), (10,2), (11,4), (10,3), (10,7), (11,7), (11,5), (10,6), (12,5), (11,4), (12,6), (11,5), (11,7), (12,6), (12,7), (3,3), (4,4), (3,2), (4,3), (11,2), (11,3), (10,2), (12,4), (11,3), (12,5), (11,4), (10,7), (11,8), (12,8), (12,6), (11,7), (12,5), (12,6), (12,3), (11,2), (12,4), (11,3), (10,8), (11,8), (10,7), (12,4), (12,5), (11,8), (12,8), (3,4), (3,3), (4,4), (12,2), (12,3), (11,2), (13,4), (12,3), (12,4), (10,8), (11,9), (12,9), (11,8), (13,3), (12,2), (13,4), (12,3), (10,9), (11,9), (10,8), (11,9), (12,9), (13,2), (13,3), (12,2), (13,3), (13,4), (10,9), (11,10), (12,10), (11,9), (12,10), (13,10), (3,4), (3,2), (3,3), (14,3), (13,2), (14,4), (13,3), (10,10), (11,10), (10,9), (11,10), (12,11), (13,11), (12,10), (2,2), (2,3), (3,2), (14,2), (14,3), (13,2), (10,10), (11,11), (12,11), (11,10), (12,11), (14,11), (14,10), (13,11), (2,4), (2,3), (3,4), (9,10), (10,11), (11,11), (10,10), (11,11), (12,12), (13,12), (12,11), (10,11), (11,12), (12,12), (11,11), (12,12), (14,12), (14,11), (13,12), (9,11), (10,12), (9,10), (11,12), (10,11), (11,12), (12,12), (10,12), (11,12), (14,12), (14,10), (14,11), (9,12), (9,11), (10,12), (14,3), (14,4), (15,10), (14,9), (15,11), (14,10), (2,3), (2,4), (9,11), (9,10), (2,2), (2,3), (15,3), (14,2), (15,4), (14,3), (14,13), (15,12), (15,11), (14,12), (2,2), (15,2), (15,3), (14,2), (8,11), (9,12), (8,10), (9,11), (15,13), (15,12), (14,13), (8,12), (8,11), (9,12), (14,14), (13,14), (15,9), (15,10), (14,9), (14,15), (15,14), (13,15), (15,13), (14,14), (15,13), (15,11), (15,12), (12,15), (14,15), (12,14), (13,15), (16,11), (15,10), (16,12), (15,11), (8,12), (8,10), (8,11), (14,16), (15,15), (13,16), (15,14), (14,15), (15,3), (15,4), (16,10), (15,9), (16,11), (15,10), (7,10), (7,11), (8,10), (15,14), (16,13), (16,12), (15,13), (12,16), (14,16), (12,15), (13,16), (16,3), (15,2), (16,4), (15,3), (7,12), (7,11), (8,12), (15,16), (13,17), (15,15), (14,16), (16,2), (16,3), (15,2), (15,15), (16,14), (16,13), (15,14), (13,17)

Nodos generados: (5,1), (5,2), (6,2), (4,2), (5,3), (6,3), (5,2), (6,3), (7,2), (7,3), (5,3), (6,4), (7,4), (7,2), (6,3), (8,2), (8,3), (7,2), (7,4), (8,3), (8,4), (4,3), (5,4), (4,2), (6,4), (5,3), (6,4), (8,3), (7,4), (9,3), (8,2), (9,4), (8,3), (5,4), (6,4), (9,2), (9,3), (8,2), (9,3), (9,4), (4,4), (4,3), (5,4), (10,3), (9,2), (10,4), (9,3), (10,4), (10,5), (4,3), (4,2), (10,2), (10,3), (9,2), (11,4), (10,3), (11,5), (10,4), (10,6), (11,5), (11,6), (11,3), (10,2), (11,4), (10,3), (10,7), (11,7), (11,5), (10,6), (12,5), (11,4), (12,6), (11,5), (11,7), (12,6), (12,7), (3,3), (4,4), (3,2), (4,3), (11,2), (11,3), (10,2), (12,4), (11,3), (12,5), (11,4), (10,7), (11,8), (12,8), (12,6), (11,7), (12,5), (12,6), (12,3), (11,2), (12,4), (11,3), (10,8), (11,8), (10,7), (12,4), (12,5), (11,8), (12,8), (3,4), (3,3), (4,4), (12,2), (12,3), (11,2), (13,4), (12,3), (12,4), (10,8), (11,9), (12,9), (11,8), (13,3), (12,2), (13,4), (12,3), (10,9), (11,9), (10,8), (11,9), (12,9), (13,2), (13,3), (12,2), (13,3), (13,4), (10,9), (11,10), (12,10), (11,9), (12,10), (13,10), (3,4), (3,2), (3,3), (14,3), (13,2), (14,4), (13,3), (10,10), (11,10), (10,9), (11,10), (12,11), (13,11), (12,10), (2,2), (2,3), (3,2), (14,2), (14,3), (13,2), (10,10), (11,11), (12,11), (11,10), (12,11), (14,11), (14,10), (13,11), (2,4), (2,3), (3,4), (9,10), (10,11), (11,11), (10,10), (11,11), (12,12), (13,12), (12,11), (10,11), (11,12), (12,12), (11,11), (12,12), (14,12), (14,11), (13,12), (9,11), (10,12), (9,10), (11,12), (10,11), (11,12), (12,12), (10,12), (11,12), (14,12), (14,10), (14,11), (9,12), (9,11), (10,12), (14,3), (14,4), (15,10), (14,9), (15,11), (14,10), (2,3), (2,4), (9,11), (9,10), (2,2), (2,3), (15,3), (14,2), (15,4), (14,3), (14,13), (15,12), (15,11), (14,12), (2,2), (15,2), (15,3), (14,2), (8,11), (9,12), (8,10), (9,11), (15,13), (15,12), (14,13), (8,12), (8,11), (9,12), (14,14), (13,14), (15,9), (15,10), (14,9), (14,15), (15,14), (13,15), (15,13), (14,14), (15,13), (15,11), (15,12), (12,15), (14,15), (12,14), (13,15), (16,11), (15,10), (16,12), (15,11), (8,12), (8,10), (8,11), (14,16), (15,15), (13,16), (15,14), (14,15), (15,3), (15,4), (16,10), (15,9), (16,11), (15,10), (7,10), (7,11), (8,10), (15,14), (16,13), (16,12), (15,13), (12,16), (14,16), (12,15), (13,16), (16,3), (15,2), (16,4), (15,3), (7,12), (7,11), (8,12), (15,16), (13,17), (15,15), (14,16), (16,2), (16,3), (15,2), (15,15), (16,14), (16,13), (15,14), (13,17), (15,9), (12,14), (12,15), (14,8), (15,8), (15,15), (16,12), (16,13), (12,16), (16,11), (7,11), (7,12), (15,16), (16,4), (16,10), (16,9), (7,10), (16,14), (16,3), (16,2), (16, 15)
